32361738
32576344
32546258
32554861
32549989
32442285
33395074
32431287
32125452
32391877
33284413
32289565
32618693
32376592
32427613
32105632
32543710
32125362
32410714
32582740
32425003
32984539
32766546
32546437
32535147
32552751
32463545
32446978
32250385
32448405
32394236
32351196
32526083
33186355
32900326
32352401
32191259
32471884
32452888
32227758
32444880
32407284
32960645
32379729
32302078
32445512
32540837
32461326
32422233
32444366
33708136
32320003
32617986
32869342
32543702
34196877
